SeriesId,Precision,Previous Close Price,Lower Circuit(%),Upper Circuit (%),Lower Circuit Price,Upper Circuit Price,Filler,Filler,Filler,Filler,Filler,Filler,Filler,Filler,Filler,Instrument Id
1006371,4,646325,3,3,626900,665700,0,0,0,0,0,0,0,0,0,1006371
1006385,4,724825,3,3,703100,746600,0,0,0,0,0,0,0,0,0,1006385
1006389,4,837825,3,3,812700,863000,0,0,0,0,0,0,0,0,0,1006389
1006394,4,578125,3,3,560800,595400,0,0,0,0,0,0,0,0,0,1006394
1006568,4,648725,3,3,629200,668200,0,0,0,0,0,0,0,0,0,1006568
1006586,4,728725,3,3,706800,750600,0,0,0,0,0,0,0,0,0,1006586
1006590,4,841700,3,3,816400,867000,0,0,0,0,0,0,0,0,0,1006590
1006594,4,581000,3,3,563600,598400,0,0,0,0,0,0,0,0,0,1006594
1006655,4,646155,367,267,-6400,8800,0,0,0,0,0,0,0,0,0,72057598332895462
1006661,4,837280,317,215,-8400,12200,0,0,0,0,0,0,0,0,0,72057606922830054
1006663,4,724450,285,185,-7200,11100,0,0,0,0,0,0,0,0,0,72057602627862758
1006670,4,577790,302,199,-5800,8600,0,0,0,0,0,0,0,0,0,72057611217797350
1006686,4,1041325,3,3,1010100,1072600,0,0,0,0,0,0,0,0,0,1006686
1006687,4,1037125,3,3,1006000,1068200,0,0,0,0,0,0,0,0,0,1006687
1006688,4,1045800,3,3,1014400,1077200,0,0,0,0,0,0,0,0,0,1006688
1006689,4,1031750,3,3,1000800,1062700,0,0,0,0,0,0,0,0,0,1006689
1006691,4,1054475,3,3,1022800,1086100,0,0,0,0,0,0,0,0,0,1006691
1006745,4,651300,3,3,631800,670800,0,0,0,0,0,0,0,0,0,1006745
1006764,4,732475,3,3,710500,754400,0,0,0,0,0,0,0,0,0,1006764
1006766,4,845575,3,3,820200,870900,0,0,0,0,0,0,0,0,0,1006766
1006771,4,583850,3,3,566300,601400,0,0,0,0,0,0,0,0,0,1006771
1006806,4,646155,229,129,-6400,11400,0,0,0,0,0,0,0,0,0,72057598332895472
1006809,4,646155,349,250,-6400,9000,0,0,0,0,0,0,0,0,0,72057598332895473
1006814,4,837280,208,108,-8400,16100,0,0,0,0,0,0,0,0,0,72057606922830064
1006816,4,724450,194,95,-7200,14900,0,0,0,0,0,0,0,0,0,72057602627862768
1006819,4,724450,292,193,-7200,11000,0,0,0,0,0,0,0,0,0,72057602627862769
1006824,4,577790,201,101,-5800,11500,0,0,0,0,0,0,0,0,0,72057611217797360
1006843,4,577790,304,202,-5800,8600,0,0,0,0,0,0,0,0,0,72057611217797361
1006845,4,837280,317,215,-8400,12200,0,0,0,0,0,0,0,0,0,72057606922830065
1006947,4,653825,3,3,634200,673400,0,0,0,0,0,0,0,0,0,1006947
1006961,4,736750,3,3,714600,758800,0,0,0,0,0,0,0,0,0,1006961
1006965,4,587075,3,3,569400,604700,0,0,0,0,0,0,0,0,0,1006965
1006977,4,849950,3,3,824400,875400,0,0,0,0,0,0,0,0,0,1006977
1007023,4,577790,280,179,-5800,9000,0,0,0,0,0,0,0,0,0,72057611217797372
1007024,4,724450,268,169,-7200,11500,0,0,0,0,0,0,0,0,0,72057602627862780
1007026,4,837280,202,101,-8400,16600,0,0,0,0,0,0,0,0,0,72057606922830075
1007028,4,577790,195,94,-5800,11800,0,0,0,0,0,0,0,0,0,72057611217797371
1007036,4,646155,353,256,-6400,9000,0,0,0,0,0,0,0,0,0,72057598332895484
1007037,4,646155,185,87,-6400,14000,0,0,0,0,0,0,0,0,0,72057598332895482
1007039,4,646155,225,127,-6400,11600,0,0,0,0,0,0,0,0,0,72057598332895483
1007043,4,837280,169,69,-8400,20500,0,0,0,0,0,0,0,0,0,72057606922830074
1007045,4,724450,160,61,-7200,19200,0,0,0,0,0,0,0,0,0,72057602627862778
1007050,4,724450,190,89,-7200,15200,0,0,0,0,0,0,0,0,0,72057602627862779
1007053,4,577790,165,64,-5800,14700,0,0,0,0,0,0,0,0,0,72057611217797370
1007056,4,837280,292,190,-8400,12700,0,0,0,0,0,0,0,0,0,72057606922830076
1007072,4,1012225,3,3,981800,1042600,0,0,0,0,0,0,0,0,0,1007072
1007108,4,1325,98,315,25,5500,0,0,0,0,0,0,0,0,0,1007108
1007109,4,45725,44,30,25400,59400,0,0,0,0,0,0,0,0,0,1007109
1007110,4,25,0,22300,25,5600,0,0,0,0,0,0,0,0,0,1007110
1007111,4,25,0,22300,25,5600,0,0,0,0,0,0,0,0,0,1007111
1007112,4,25,0,22300,25,5600,0,0,0,0,0,0,0,0,0,1007112
1007113,4,35775,46,27,19400,45500,0,0,0,0,0,0,0,0,0,1007113
1007114,4,25,0,22300,25,5600,0,0,0,0,0,0,0,0,0,1007114
1007115,4,853825,3,3,828200,879400,0,0,0,0,0,0,0,0,0,1007115
1007116,4,50,50,11100,25,5600,0,0,0,0,0,0,0,0,0,1007116
1007117,4,38250,45,28,21000,49000,0,0,0,0,0,0,0,0,0,1007117
1007118,4,40750,45,29,22400,52400,0,0,0,0,0,0,0,0,0,1007118
1007119,4,25,0,22300,25,5600,0,0,0,0,0,0,0,0,0,1007119
1007120,4,25,0,22300,25,5600,0,0,0,0,0,0,0,0,0,1007120
1007121,4,43225,44,29,24000,55900,0,0,0,0,0,0,0,0,0,1007121
1007122,4,25850,48,24,13400,32000,0,0,0,0,0,0,0,0,0,1007122
1007123,4,25,0,22300,25,5600,0,0,0,0,0,0,0,0,0,1007123
1007124,4,400,94,1300,25,5600,0,0,0,0,0,0,0,0,0,1007124
1007125,4,28325,47,25,14900,35300,0,0,0,0,0,0,0,0,0,1007125
1007126,4,30800,47,26,16400,38700,0,0,0,0,0,0,0,0,0,1007126
1007127,4,250,90,2140,25,5600,0,0,0,0,0,0,0,0,0,1007127
1007128,4,150,83,3633,25,5600,0,0,0,0,0,0,0,0,0,1007128
1007129,4,33300,46,26,18000,42100,0,0,0,0,0,0,0,0,0,1007129
1007130,4,16275,56,20,7200,21375,0,0,0,0,0,0,0,0,0,1007130
1007131,4,75,67,7367,25,5600,0,0,0,0,0,0,0,0,0,1007131
1007132,4,1800,99,256,25,6400,0,0,0,0,0,0,0,0,0,1007132
1007133,4,18600,53,21,8700,22925,0,0,0,0,0,0,0,0,0,1007133
1007134,4,21150,51,21,10300,25500,0,0,0,0,0,0,0,0,0,1007134
1007135,4,1475,98,280,25,5600,0,0,0,0,0,0,0,0,0,1007135
1007136,4,950,97,489,25,5600,0,0,0,0,0,0,0,0,0,1007136
1007137,4,23400,50,23,11800,28700,0,0,0,0,0,0,0,0,0,1007137
1007138,4,8000,75,25,2000,11125,0,0,0,0,0,0,0,0,0,1007138
1007139,4,650,96,762,25,5600,0,0,0,0,0,0,0,0,0,1007139
1007140,4,5925,31,130,3125,13600,0,0,0,0,0,0,0,0,0,1007140
1007141,4,9875,69,22,3100,14100,0,0,0,0,0,0,0,0,0,1007141
1007142,4,11875,63,20,4400,15675,0,0,0,0,0,0,0,0,0,1007142
1007143,4,4475,35,155,2050,11400,0,0,0,0,0,0,0,0,0,1007143
1007144,4,3350,46,184,1250,9500,0,0,0,0,0,0,0,0,0,1007144
1007145,4,14025,59,20,5800,18200,0,0,0,0,0,0,0,0,0,1007145
1007146,4,2175,99,153,25,5500,0,0,0,0,0,0,0,0,0,1007146
1007147,4,2475,68,215,625,7800,0,0,0,0,0,0,0,0,0,1007147
1007149,4,14000,29,76,10000,24700,0,0,0,0,0,0,0,0,0,1007149
1007150,4,3350,99,64,25,5500,0,0,0,0,0,0,0,0,0,1007150
1007151,4,4700,96,43,200,6925,0,0,0,0,0,0,0,0,0,1007151
1007152,4,12375,32,75,6900,21600,0,0,0,0,0,0,0,0,0,1007152
1007153,4,10325,33,82,6175,18800,0,0,0,0,0,0,0,0,0,1007153
1007154,4,6350,84,29,1000,8975,0,0,0,0,0,0,0,0,0,1007154
1007155,4,740550,3,3,718300,762800,0,0,0,0,0,0,0,0,0,1007155
1007156,4,300,92,1733,25,5500,0,0,0,0,0,0,0,0,0,1007156
1007157,4,7650,29,110,4525,16100,0,0,0,0,0,0,0,0,0,1007157
1007158,4,656100,3,3,636400,675800,0,0,0,0,0,0,0,0,0,1007158
1007159,4,25,0,22300,25,5600,0,0,0,0,0,0,0,0,0,1007159
1007160,4,850,97,547,25,5500,0,0,0,0,0,0,0,0,0,1007160
1007161,4,875,97,529,25,5500,0,0,0,0,0,0,0,0,0,1007161
1007162,4,590000,3,3,572300,607700,0,0,0,0,0,0,0,0,0,1007162
1007163,4,724450,161,61,-7200,19000,0,0,0,0,0,0,0,0,0,72057602627862789
1007167,4,577790,149,48,-5800,17600,0,0,0,0,0,0,0,0,0,72057611217797380
1007169,4,837280,153,53,-8400,24400,0,0,0,0,0,0,0,0,0,72057606922830084
1007170,4,577790,298,197,-5800,8700,0,0,0,0,0,0,0,0,0,72057611217797383
1007172,4,646155,381,282,-6400,8700,0,0,0,0,0,0,0,0,0,72057598332895495
1007182,4,577790,194,93,-5800,11900,0,0,0,0,0,0,0,0,0,72057611217797382
1007185,4,724450,189,89,-7200,15300,0,0,0,0,0,0,0,0,0,72057602627862790
1007186,4,837280,202,101,-8400,16600,0,0,0,0,0,0,0,0,0,72057606922830086
1007187,4,577790,164,64,-5800,14800,0,0,0,0,0,0,0,0,0,72057611217797381
1007188,4,724450,289,189,-7200,11000,0,0,0,0,0,0,0,0,0,72057602627862791
1007193,4,837280,169,69,-8400,20500,0,0,0,0,0,0,0,0,0,72057606922830085
1007197,4,646155,233,133,-6400,11200,0,0,0,0,0,0,0,0,0,72057598332895494
1007199,4,646155,165,66,-6400,16200,0,0,0,0,0,0,0,0,0,72057598332895492
1007201,4,646155,187,87,-6400,13800,0,0,0,0,0,0,0,0,0,72057598332895493
1007202,4,837280,317,215,-8400,12200,0,0,0,0,0,0,0,0,0,72057606922830087
1007208,4,724450,146,46,-7200,23000,0,0,0,0,0,0,0,0,0,72057602627862788
1007236,4,48225,44,30,26900,62800,0,0,0,0,0,0,0,0,0,1007236
1007237,4,1051800,3,3,1020200,1083400,0,0,0,0,0,0,0,0,0,1007237
1007238,4,1029425,3,3,998500,1060300,0,0,0,0,0,0,0,0,0,1007238
1007239,4,1011075,3,3,980700,1041400,0,0,0,0,0,0,0,0,0,1007239
1007240,4,1034450,3,3,1003400,1065500,0,0,0,0,0,0,0,0,0,1007240
1007241,4,1038900,3,3,1007700,1070000,0,0,0,0,0,0,0,0,0,1007241
1007242,4,1043525,3,3,1012200,1074800,0,0,0,0,0,0,0,0,0,1007242
1007243,4,25,0,22300,25,5600,0,0,0,0,0,0,0,0,0,1007243
1007244,4,1012654,-778,-883,-10100,9000,0,0,0,0,0,0,0,0,0,72057761541652499
1007254,4,1046679,-357,-460,-10400,8200,0,0,0,0,0,0,0,0,0,72057735771848738
1007256,4,1042066,-329,-430,-10400,8000,0,0,0,0,0,0,0,0,0,72057692822175808
1007262,4,1055500,-296,-395,-10600,7900,0,0,0,0,0,0,0,0,0,72057675642306654
1007267,4,1032645,-343,-444,-10300,8000,0,0,0,0,0,0,0,0,0,72057684232241221
1007272,4,1038058,-289,-388,-10400,7700,0,0,0,0,0,0,0,0,0,72057679937273925
1007274,4,50700,44,31,28400,66300,0,0,0,0,0,0,0,0,0,1007274
1007275,4,25,0,22300,25,5600,0,0,0,0,0,0,0,0,0,1007275
1007288,4,857825,3,3,832100,883600,0,0,0,0,0,0,0,0,0,1007288
1007290,4,593050,3,3,575200,610800,0,0,0,0,0,0,0,0,0,1007290
1007323,4,744525,3,3,722200,766800,0,0,0,0,0,0,0,0,0,1007323
1007326,4,659300,3,3,639500,679100,0,0,0,0,0,0,0,0,0,1007326
1007354,4,724450,160,60,-7200,19300,0,0,0,0,0,0,0,0,0,72057602627862800
1007356,4,577790,148,48,-5800,17800,0,0,0,0,0,0,0,0,0,72057611217797391
1007357,4,837280,152,52,-8400,24500,0,0,0,0,0,0,0,0,0,72057606922830095
1007358,4,724450,193,93,-7200,15000,0,0,0,0,0,0,0,0,0,72057602627862801
1007362,4,837280,207,106,-8400,16200,0,0,0,0,0,0,0,0,0,72057606922830097
1007366,4,646155,180,80,-6400,14400,0,0,0,0,0,0,0,0,0,72057598332895504
1007367,4,646155,149,50,-6400,19400,0,0,0,0,0,0,0,0,0,72057598332895502
1007369,4,646155,161,61,-6400,17000,0,0,0,0,0,0,0,0,0,72057598332895503
1007374,4,646155,300,200,-6400,9600,0,0,0,0,0,0,0,0,0,72057598332895506
1007378,4,837280,142,42,-8400,28400,0,0,0,0,0,0,0,0,0,72057606922830094
1007379,4,724450,137,37,-7200,26900,0,0,0,0,0,0,0,0,0,72057602627862798
1007380,4,724450,146,46,-7200,23000,0,0,0,0,0,0,0,0,0,72057602627862799
1007381,4,837280,310,210,-8400,12400,0,0,0,0,0,0,0,0,0,72057606922830098
1007384,4,577790,139,39,-5800,20700,0,0,0,0,0,0,0,0,0,72057611217797390
1007386,4,577790,197,97,-5800,11800,0,0,0,0,0,0,0,0,0,72057611217797393
1007388,4,646155,217,117,-6400,11900,0,0,0,0,0,0,0,0,0,72057598332895505
1007391,4,837280,169,68,-8400,20600,0,0,0,0,0,0,0,0,0,72057606922830096
1007395,4,577790,290,189,-5800,8800,0,0,0,0,0,0,0,0,0,72057611217797394
1007397,4,724450,281,182,-7200,11200,0,0,0,0,0,0,0,0,0,72057602627862802
1007399,4,577790,163,63,-5800,15000,0,0,0,0,0,0,0,0,0,72057611217797392
1007454,4,53200,44,31,29900,69800,0,0,0,0,0,0,0,0,0,1007454
1007455,4,25,0,22300,25,5600,0,0,0,0,0,0,0,0,0,1007455
1007472,4,25,0,22300,25,5600,0,0,0,0,0,0,0,0,0,1007472
1007473,4,25,0,22300,25,5600,0,0,0,0,0,0,0,0,0,1007473
1007482,4,55675,44,31,31400,73200,0,0,0,0,0,0,0,0,0,1007482
1007483,4,58175,44,32,32800,76700,0,0,0,0,0,0,0,0,0,1007483
1007490,4,25,0,22300,25,5600,0,0,0,0,0,0,0,0,0,1007490
1007495,4,60650,43,32,34400,80200,0,0,0,0,0,0,0,0,0,1007495
1007502,4,63150,43,32,35800,83600,0,0,0,0,0,0,0,0,0,1007502
1007505,4,25,0,22300,25,5600,0,0,0,0,0,0,0,0,0,1007505
1007530,4,65625,43,33,37300,87100,0,0,0,0,0,0,0,0,0,1007530
1007533,4,25,0,22300,25,5600,0,0,0,0,0,0,0,0,0,1007533
1007535,4,25,0,22300,25,5600,0,0,0,0,0,0,0,0,0,1007535
1007550,4,68125,43,33,38800,90600,0,0,0,0,0,0,0,0,0,1007550
1007619,4,748900,6,6,711400,786300,0,0,0,0,0,0,0,0,0,1007619
1007621,4,662100,6,6,629000,695200,0,0,0,0,0,0,0,0,0,1007621
1007623,4,596375,6,6,566600,626200,0,0,0,0,0,0,0,0,0,1007623
1007630,4,862250,6,6,819100,905400,0,0,0,0,0,0,0,0,0,1007630
1007666,4,724450,265,165,-7200,11600,0,0,0,0,0,0,0,0,0,72057602627862813
1007667,4,577790,162,62,-5800,15100,0,0,0,0,0,0,0,0,0,72057611217797403
1007668,4,646155,177,78,-6400,14700,0,0,0,0,0,0,0,0,0,72057598332895515
1007669,4,837280,150,50,-8400,25000,0,0,0,0,0,0,0,0,0,72057606922830106
1007673,4,577790,191,91,-5800,12200,0,0,0,0,0,0,0,0,0,72057611217797404
1007675,4,724450,186,87,-7200,15600,0,0,0,0,0,0,0,0,0,72057602627862812
1007677,4,577790,146,46,-5800,18300,0,0,0,0,0,0,0,0,0,72057611217797402
1007679,4,837280,141,41,-8400,28900,0,0,0,0,0,0,0,0,0,72057606922830105
1007680,4,724450,144,44,-7200,23600,0,0,0,0,0,0,0,0,0,72057602627862810
1007681,4,577790,138,38,-5800,21200,0,0,0,0,0,0,0,0,0,72057611217797401
1007682,4,724450,159,60,-7200,19400,0,0,0,0,0,0,0,0,0,72057602627862811
1007683,4,837280,168,67,-8400,20600,0,0,0,0,0,0,0,0,0,72057606922830107
1007686,4,646155,329,229,-6400,9200,0,0,0,0,0,0,0,0,0,72057598332895517
1007687,4,646155,159,59,-6400,17200,0,0,0,0,0,0,0,0,0,72057598332895514
1007688,4,646155,141,41,-6400,22200,0,0,0,0,0,0,0,0,0,72057598332895512
1007691,4,646155,148,48,-6400,19800,0,0,0,0,0,0,0,0,0,72057598332895513
1007693,4,577790,274,174,-5800,9100,0,0,0,0,0,0,0,0,0,72057611217797405
1007695,4,646155,207,107,-6400,12400,0,0,0,0,0,0,0,0,0,72057598332895516
1007699,4,837280,134,34,-8400,32800,0,0,0,0,0,0,0,0,0,72057606922830104
1007700,4,837280,290,189,-8400,12800,0,0,0,0,0,0,0,0,0,72057606922830109
1007702,4,724450,130,30,-7200,31300,0,0,0,0,0,0,0,0,0,72057602627862808
1007703,4,837280,200,99,-8400,16800,0,0,0,0,0,0,0,0,0,72057606922830108
1007705,4,724450,136,36,-7200,27400,0,0,0,0,0,0,0,0,0,72057602627862809
1007707,4,577790,132,32,-5800,24000,0,0,0,0,0,0,0,0,0,72057611217797400
1007734,4,35625,64,2,13000,36200,0,0,0,0,0,0,0,0,0,1007734
1007735,4,20375,80,20,4000,24950,0,0,0,0,0,0,0,0,0,1007735
1007736,4,1325,98,557,25,8700,0,0,0,0,0,0,0,0,0,1007736
1007737,4,752925,6,6,715300,790600,0,0,0,0,0,0,0,0,0,1007737
1007738,4,5150,40,242,3100,17600,0,0,0,0,0,0,0,0,0,1007738
1007739,4,22400,77,20,5200,26975,0,0,0,0,0,0,0,0,0,1007739
1007740,4,24475,74,20,6400,29400,0,0,0,0,0,0,0,0,0,1007740
1007741,4,4350,49,268,2200,16000,0,0,0,0,0,0,0,0,0,1007741
1007742,4,939200,1,1,929800,948600,0,0,0,0,0,0,0,0,0,1007742
1007743,4,3625,61,297,1400,14400,0,0,0,0,0,0,0,0,0,1007743
1007744,4,599475,6,6,569500,629400,0,0,0,0,0,0,0,0,0,1007744
1007745,4,26600,71,20,7600,31900,0,0,0,0,0,0,0,0,0,1007745
1007746,4,13200,97,0,400,17450,0,0,0,0,0,0,0,0,0,1007746
1007747,4,3025,80,330,600,13000,0,0,0,0,0,0,0,0,0,1007747
1007748,4,9425,19,172,7600,25600,0,0,0,0,0,0,0,0,0,1007748
1007749,4,14850,92,20,1200,19200,0,0,0,0,0,0,0,0,0,1007749
1007750,4,16625,87,20,2100,21025,0,0,0,0,0,0,0,0,0,1007750
1007751,4,8200,22,185,6400,23400,0,0,0,0,0,0,0,0,0,1007751
1007752,4,7075,27,202,5200,21400,0,0,0,0,0,0,0,0,0,1007752
1007753,4,18450,84,20,3000,22950,0,0,0,0,0,0,0,0,0,1007753
1007754,4,7650,100,14,25,11275,0,0,0,0,0,0,0,0,0,1007754
1007755,4,6050,32,221,4100,19400,0,0,0,0,0,0,0,0,0,1007755
1007756,4,8875,100,8,25,12675,0,0,0,0,0,0,0,0,0,1007756
1007757,4,10200,100,5,25,14175,0,0,0,0,0,0,0,0,0,1007757
1007758,4,866325,6,6,823000,909600,0,0,0,0,0,0,0,0,0,1007758
1007759,4,12250,17,148,10200,30400,0,0,0,0,0,0,0,0,0,1007759
1007760,4,11650,100,2,25,15775,0,0,0,0,0,0,0,0,0,1007760
1007761,4,10775,17,160,8900,28000,0,0,0,0,0,0,0,0,0,1007761
1007762,4,125,80,5820,25,7400,0,0,0,0,0,0,0,0,0,1007762
1007763,4,5550,100,39,25,8750,0,0,0,0,0,0,0,0,0,1007763
1007764,4,100,75,7300,25,7400,0,0,0,0,0,0,0,0,0,1007764
1007765,4,6550,100,19,25,9975,0,0,0,0,0,0,0,0,0,1007765
1007766,4,75,67,9767,25,7400,0,0,0,0,0,0,0,0,0,1007766
1007767,4,47550,57,7,20500,50700,0,0,0,0,0,0,0,0,0,1007767
1007768,4,400,94,1750,25,7400,0,0,0,0,0,0,0,0,0,1007768
1007769,4,49975,56,8,22000,53800,0,0,0,0,0,0,0,0,0,1007769
1007770,4,52400,55,9,23500,56900,0,0,0,0,0,0,0,0,0,1007770
1007771,4,300,92,2367,25,7400,0,0,0,0,0,0,0,0,0,1007771
1007772,4,225,89,3189,25,7400,0,0,0,0,0,0,0,0,0,1007772
1007773,4,37975,62,3,14500,39000,0,0,0,0,0,0,0,0,0,1007773
1007774,4,175,86,4129,25,7400,0,0,0,0,0,0,0,0,0,1007774
1007775,4,1050,98,652,25,7900,0,0,0,0,0,0,0,0,0,1007775
1007776,4,664650,6,6,631400,697900,0,0,0,0,0,0,0,0,0,1007776
1007777,4,40325,60,4,16000,41800,0,0,0,0,0,0,0,0,0,1007777
1007778,4,42725,59,5,17500,44700,0,0,0,0,0,0,0,0,0,1007778
1007779,4,825,97,797,25,7400,0,0,0,0,0,0,0,0,0,1007779
1007780,4,650,96,1038,25,7400,0,0,0,0,0,0,0,0,0,1007780
1007781,4,45125,58,6,19000,47700,0,0,0,0,0,0,0,0,0,1007781
1007782,4,28800,69,20,8900,34600,0,0,0,0,0,0,0,0,0,1007782
1007783,4,500,95,1380,25,7400,0,0,0,0,0,0,0,0,0,1007783
1007784,4,2500,99,372,25,11800,0,0,0,0,0,0,0,0,0,1007784
1007785,4,31025,67,20,10200,37200,0,0,0,0,0,0,0,0,0,1007785
1007786,4,33300,65,1,11600,33600,0,0,0,0,0,0,0,0,0,1007786
1007787,4,2025,99,423,25,10600,0,0,0,0,0,0,0,0,0,1007787
1007788,4,1650,98,482,25,9600,0,0,0,0,0,0,0,0,0,1007788
1007789,4,50,50,14700,25,7400,0,0,0,0,0,0,0,0,0,1007789
1007790,4,54850,54,10,25000,60100,0,0,0,0,0,0,0,0,0,1007790
1007813,4,724450,145,45,-7200,23400,0,0,0,0,0,0,0,0,0,72057602627862821
1007814,4,837280,151,51,-8400,24700,0,0,0,0,0,0,0,0,0,72057606922830117
1007815,4,646155,220,121,-6400,11800,0,0,0,0,0,0,0,0,0,72057598332895527
1007816,4,646155,148,48,-6400,19800,0,0,0,0,0,0,0,0,0,72057598332895524
1007818,4,646155,135,35,-6400,24800,0,0,0,0,0,0,0,0,0,72057598332895522
1007819,4,646155,140,41,-6400,22400,0,0,0,0,0,0,0,0,0,72057598332895523
1007822,4,724450,368,178,-10800,11200,0,0,0,0,0,0,0,0,0,72057602627862824
1007824,4,646155,175,75,-6400,15000,0,0,0,0,0,0,0,0,0,72057598332895526
1007826,4,577790,190,90,-5800,12200,0,0,0,0,0,0,0,0,0,72057611217797415
1007830,4,837280,129,29,-8400,36800,0,0,0,0,0,0,0,0,0,72057606922830114
1007831,4,837280,199,98,-8400,16800,0,0,0,0,0,0,0,0,0,72057606922830119
1007833,4,724450,126,26,-7200,35300,0,0,0,0,0,0,0,0,0,72057602627862818
1007834,4,837280,167,66,-8400,20800,0,0,0,0,0,0,0,0,0,72057606922830118
1007837,4,646155,159,60,-6400,17300,0,0,0,0,0,0,0,0,0,72057598332895525
1007838,4,724450,130,30,-7200,31400,0,0,0,0,0,0,0,0,0,72057602627862819
1007841,4,577790,127,27,-5800,27100,0,0,0,0,0,0,0,0,0,72057611217797410
1007843,4,724450,186,86,-7200,15600,0,0,0,0,0,0,0,0,0,72057602627862823
1007844,4,577790,147,47,-5800,18200,0,0,0,0,0,0,0,0,0,72057611217797413
1007845,4,837280,140,40,-8400,29100,0,0,0,0,0,0,0,0,0,72057606922830116
1007849,4,577790,161,60,-5800,15200,0,0,0,0,0,0,0,0,0,72057611217797414
1007851,4,724450,158,58,-7200,19600,0,0,0,0,0,0,0,0,0,72057602627862822
1007852,4,837280,409,204,-12600,12400,0,0,0,0,0,0,0,0,0,72057606922830120
1007853,4,577790,137,37,-5800,21400,0,0,0,0,0,0,0,0,0,72057611217797412
1007854,4,837280,134,34,-8400,33000,0,0,0,0,0,0,0,0,0,72057606922830115
1007856,4,724450,135,35,-7200,27700,0,0,0,0,0,0,0,0,0,72057602627862820
1007857,4,577790,377,187,-8600,8900,0,0,0,0,0,0,0,0,0,72057611217797416
1007858,4,577790,131,32,-5800,24300,0,0,0,0,0,0,0,0,0,72057611217797411
1007859,4,646155,480,253,-9700,9000,0,0,0,0,0,0,0,0,0,72057598332895528
1007860,4,999325,3,3,969300,1029300,0,0,0,0,0,0,0,0,0,1007860
1007861,4,1040875,3,3,1009600,1072100,0,0,0,0,0,0,0,0,0,1007861
1007862,4,1026500,3,3,995700,1057300,0,0,0,0,0,0,0,0,0,1007862
1007865,4,1048500,3,3,1017000,1080000,0,0,0,0,0,0,0,0,0,1007865
1007867,4,1000325,3,3,970300,1030300,0,0,0,0,0,0,0,0,0,1007867
1007870,4,1009450,3,3,979200,1039700,0,0,0,0,0,0,0,0,0,1007870
1007871,4,1031700,3,3,1000700,1062600,0,0,0,0,0,0,0,0,0,1007871
1007872,4,1036350,3,3,1005200,1067400,0,0,0,0,0,0,0,0,0,1007872
1007873,4,997800,3,3,967800,1027700,0,0,0,0,0,0,0,0,0,1007873
1007877,4,1055500,-77,-177,-10600,4600,0,0,0,0,0,0,0,0,0,72057675642306668
1007880,4,1032645,-96,-197,-10300,5100,0,0,0,0,0,0,0,0,0,72057684232241235
1007882,4,1055500,-221,-318,-10600,7200,0,0,0,0,0,0,0,0,0,72057675642306669
1007885,4,1038058,-92,-192,-10400,5000,0,0,0,0,0,0,0,0,0,72057679937273939
1007887,4,1046679,-292,-394,-10400,7800,0,0,0,0,0,0,0,0,0,72057735771848753
1007888,4,1012654,-264,-367,-10100,7400,0,0,0,0,0,0,0,0,0,72057761541652513
1007890,4,1038058,-278,-376,-10400,7600,0,0,0,0,0,0,0,0,0,72057679937273940
1007894,4,1032645,-252,-353,-10300,7400,0,0,0,0,0,0,0,0,0,72057684232241236
1007897,4,1046679,-111,-212,-10400,5500,0,0,0,0,0,0,0,0,0,72057735771848752
1007899,4,1042066,-109,-209,-10400,5400,0,0,0,0,0,0,0,0,0,72057692822175822
1007900,4,1042066,-308,-406,-10400,7800,0,0,0,0,0,0,0,0,0,72057692822175823
1007904,4,1012654,-522,-623,-10100,8500,0,0,0,0,0,0,0,0,0,72057761541652514
1007917,4,1000700,-556,-657,-10000,8500,0,0,0,0,0,0,0,0,0,72057765836619790
1007918,4,1000700,-296,-397,-10000,7500,0,0,0,0,0,0,0,0,0,72057765836619789
1007919,4,1000700,-900,-1000,-10000,9000,0,0,0,0,0,0,0,0,0,72057765836619788
1007925,4,994275,3,3,964400,1024100,0,0,0,0,0,0,0,0,0,1007925
1007927,4,993050,3,3,963200,1022800,0,0,0,0,0,0,0,0,0,1007927
1007928,4,995450,3,3,965600,1025300,0,0,0,0,0,0,0,0,0,1007928
1007939,4,995755,-716,-810,-10000,8700,0,0,0,0,0,0,0,0,0,72057770131587086
1007940,4,995755,-317,-417,-10000,7600,0,0,0,0,0,0,0,0,0,72057770131587085
1007941,4,995755,-751,-849,-10000,8800,0,0,0,0,0,0,0,0,0,72057770131587084
1007946,4,757575,6,6,719700,795400,0,0,0,0,0,0,0,0,0,1007946
1007952,4,667550,6,6,634200,700900,0,0,0,0,0,0,0,0,0,1007952
1007970,4,871025,6,6,827400,914600,0,0,0,0,0,0,0,0,0,1007970
1007976,4,603025,6,6,572800,633200,0,0,0,0,0,0,0,0,0,1007976
1008081,4,724450,125,25,-7200,36100,0,0,0,0,0,0,0,0,0,72057602627862829
1008082,4,577790,136,36,-5800,21700,0,0,0,0,0,0,0,0,0,72057611217797423
1008084,4,837280,368,177,-12600,13000,0,0,0,0,0,0,0,0,0,72057606922830131
1008085,4,724450,155,56,-7200,20300,0,0,0,0,0,0,0,0,0,72057602627862833
1008086,4,837280,133,33,-8400,33800,0,0,0,0,0,0,0,0,0,72057606922830126
1008087,4,646155,147,47,-6400,20200,0,0,0,0,0,0,0,0,0,72057598332895535
1008088,4,646155,434,224,-9700,9400,0,0,0,0,0,0,0,0,0,72057598332895539
1008089,4,577790,145,44,-5800,18800,0,0,0,0,0,0,0,0,0,72057611217797424
1008090,4,577790,130,30,-5800,25000,0,0,0,0,0,0,0,0,0,72057611217797422
1008092,4,724450,142,43,-7200,24300,0,0,0,0,0,0,0,0,0,72057602627862832
1008093,4,577790,229,86,-8600,12400,0,0,0,0,0,0,0,0,0,72057611217797426
1008094,4,577790,126,26,-5800,27800,0,0,0,0,0,0,0,0,0,72057611217797421
1008095,4,837280,244,95,-12600,17100,0,0,0,0,0,0,0,0,0,72057606922830130
1008097,4,837280,129,29,-8400,37700,0,0,0,0,0,0,0,0,0,72057606922830125
1008098,4,724450,129,29,-7200,32300,0,0,0,0,0,0,0,0,0,72057602627862830
1008099,4,837280,140,40,-8400,29400,0,0,0,0,0,0,0,0,0,72057606922830127
1008100,4,724450,135,34,-7200,28000,0,0,0,0,0,0,0,0,0,72057602627862831
1008102,4,577790,342,162,-8600,9300,0,0,0,0,0,0,0,0,0,72057611217797427
1008103,4,646155,278,118,-9700,11900,0,0,0,0,0,0,0,0,0,72057598332895538
1008105,4,646155,178,78,-6400,14700,0,0,0,0,0,0,0,0,0,72057598332895537
1008106,4,646155,139,40,-6400,22700,0,0,0,0,0,0,0,0,0,72057598332895534
1008107,4,646155,130,31,-6400,27700,0,0,0,0,0,0,0,0,0,72057598332895532
1008108,4,724450,332,156,-10800,11900,0,0,0,0,0,0,0,0,0,72057602627862835
1008110,4,646155,134,34,-6400,25300,0,0,0,0,0,0,0,0,0,72057598332895533
1008111,4,724450,224,83,-10800,15900,0,0,0,0,0,0,0,0,0,72057602627862834
1008112,4,577790,158,58,-5800,15800,0,0,0,0,0,0,0,0,0,72057611217797425
1008116,4,837280,125,25,-8400,41600,0,0,0,0,0,0,0,0,0,72057606922830124
1008117,4,837280,164,64,-8400,21600,0,0,0,0,0,0,0,0,0,72057606922830129
1008118,4,646155,156,56,-6400,17900,0,0,0,0,0,0,0,0,0,72057598332895536
1008121,4,837280,149,49,-8400,25600,0,0,0,0,0,0,0,0,0,72057606922830128
1008123,4,724450,122,22,-7200,40000,0,0,0,0,0,0,0,0,0,72057602627862828
1008124,4,577790,123,23,-5800,30700,0,0,0,0,0,0,0,0,0,72057611217797420
1008127,4,13825,16,138,11600,32900,0,0,0,0,0,0,0,0,0,1008127
1008128,4,4675,99,65,25,7700,0,0,0,0,0,0,0,0,0,1008128
1008139,4,15500,15,130,13100,35600,0,0,0,0,0,0,0,0,0,1008139
1008140,4,3875,99,99,25,7700,0,0,0,0,0,0,0,0,0,1008140
1008144,4,17275,15,122,14600,38300,0,0,0,0,0,0,0,0,0,1008144
1008145,4,3200,99,141,25,7700,0,0,0,0,0,0,0,0,0,1008145
1008161,4,21100,17,109,17500,44100,0,0,0,0,0,0,0,0,0,1008161
1008162,4,19150,16,115,16000,41200,0,0,0,0,0,0,0,0,0,1008162
1008163,4,2100,99,267,25,7700,0,0,0,0,0,0,0,0,0,1008163
1008164,4,2600,99,196,25,7700,0,0,0,0,0,0,0,0,0,1008164
1008171,4,939000,1,1,929600,948400,0,0,0,0,0,0,0,0,0,1008171
1008172,4,25,0,16700,25,4200,0,0,0,0,0,0,0,0,0,1008172
1008173,4,1925,43,118,25,4925,0,0,0,0,0,0,0,0,0,1008173
1008174,4,100,75,4100,25,4200,0,0,0,0,0,0,0,0,0,1008174
1008175,4,700,71,500,25,4200,0,0,0,0,0,0,0,0,0,1008175
1008176,4,225,89,1767,25,4200,0,0,0,0,0,0,0,0,0,1008176
1008177,4,200,88,2000,25,4200,0,0,0,0,0,0,0,0,0,1008177
1008178,4,48475,41,39,28800,67300,0,0,0,0,0,0,0,0,0,1008178
1008179,4,75,67,5500,25,4200,0,0,0,0,0,0,0,0,0,1008179
1008180,4,50975,41,39,30300,70800,0,0,0,0,0,0,0,0,0,1008180
1008181,4,6600,39,48,2275,10675,0,0,0,0,0,0,0,0,0,1008181
1008182,4,38475,41,39,22800,53300,0,0,0,0,0,0,0,0,0,1008182
1008183,4,4075,39,64,425,7825,0,0,0,0,0,0,0,0,0,1008183
1008184,4,25,0,16700,25,4200,0,0,0,0,0,0,0,0,0,1008184
1008185,4,40975,40,39,24400,56800,0,0,0,0,0,0,0,0,0,1008185
1008186,4,43475,41,39,25800,60300,0,0,0,0,0,0,0,0,0,1008186
1008187,4,670050,6,6,636500,703600,0,0,0,0,0,0,0,0,0,1008187
1008188,4,25,0,16700,25,4200,0,0,0,0,0,0,0,0,0,1008188
1008189,4,45975,40,39,27400,63800,0,0,0,0,0,0,0,0,0,1008189
1008190,4,25,0,16700,25,4200,0,0,0,0,0,0,0,0,0,1008190
1008191,4,28475,41,38,16800,39300,0,0,0,0,0,0,0,0,0,1008191
1008192,4,30975,41,38,18400,42800,0,0,0,0,0,0,0,0,0,1008192
1008193,4,25,0,16700,25,4200,0,0,0,0,0,0,0,0,0,1008193
1008194,4,33475,41,38,19800,46300,0,0,0,0,0,0,0,0,0,1008194
1008195,4,53475,41,39,31800,74300,0,0,0,0,0,0,0,0,0,1008195
1008196,4,25,0,16700,25,4200,0,0,0,0,0,0,0,0,0,1008196
1008197,4,25,0,16700,25,4200,0,0,0,0,0,0,0,0,0,1008197
1008198,4,35975,41,38,21400,49800,0,0,0,0,0,0,0,0,0,1008198
1008199,4,18500,42,37,10800,25400,0,0,0,0,0,0,0,0,0,1008199
1008200,4,761625,6,6,723500,799700,0,0,0,0,0,0,0,0,0,1008200
1008201,4,25,0,16700,25,4200,0,0,0,0,0,0,0,0,0,1008201
1008202,4,20975,41,37,12400,28800,0,0,0,0,0,0,0,0,0,1008202
1008203,4,25,0,16700,25,4200,0,0,0,0,0,0,0,0,0,1008203
1008204,4,875075,6,6,831300,918800,0,0,0,0,0,0,0,0,0,1008204
1008205,4,23475,41,38,13800,32400,0,0,0,0,0,0,0,0,0,1008205
1008206,4,25,0,16700,25,4200,0,0,0,0,0,0,0,0,0,1008206
1008207,4,606150,6,6,575800,636400,0,0,0,0,0,0,0,0,0,1008207
1008208,4,25975,41,38,15400,35800,0,0,0,0,0,0,0,0,0,1008208
1008209,4,25,0,16700,25,4200,0,0,0,0,0,0,0,0,0,1008209
1008210,4,8800,45,30,4475,13225,0,0,0,0,0,0,0,0,0,1008210
1008211,4,25,0,16700,25,4200,0,0,0,0,0,0,0,0,0,1008211
1008212,4,25,0,16700,25,4200,0,0,0,0,0,0,0,0,0,1008212
1008213,4,11000,42,35,6400,16650,0,0,0,0,0,0,0,0,0,1008213
1008214,4,13800,43,33,7800,19350,0,0,0,0,0,0,0,0,0,1008214
1008215,4,25,0,16700,25,4200,0,0,0,0,0,0,0,0,0,1008215
1008216,4,25,0,16700,25,4200,0,0,0,0,0,0,0,0,0,1008216
1008217,4,16000,41,36,9400,21800,0,0,0,0,0,0,0,0,0,1008217
1008218,4,775,97,442,25,4200,0,0,0,0,0,0,0,0,0,1008218
1008219,4,25,0,16700,25,4200,0,0,0,0,0,0,0,0,0,1008219
1008220,4,50,50,8300,25,4200,0,0,0,0,0,0,0,0,0,1008220
1008221,4,1775,61,137,25,4550,0,0,0,0,0,0,0,0,0,1008221
1008222,4,3875,54,39,450,7450,0,0,0,0,0,0,0,0,0,1008222
1008223,4,25,0,16700,25,4200,0,0,0,0,0,0,0,0,0,1008223
1008224,4,25,0,16700,25,4200,0,0,0,0,0,0,0,0,0,1008224
1008225,4,6150,48,33,2100,10250,0,0,0,0,0,0,0,0,0,1008225
1008226,4,920000,4700,4600,-9200,9400,0,0,0,0,0,0,0,0,0,72057624102699104
1008229,4,25,0,16700,25,4200,0,0,0,0,0,0,0,0,0,1008229
1008230,4,1012654,3,3,982200,1043000,0,0,0,0,0,0,0,0,0,1008230
1008231,4,1042066,3,3,1010800,1073300,0,0,0,0,0,0,0,0,0,1008231
1008232,4,8675,35,51,3750,13100,0,0,0,0,0,0,0,0,0,1008232
1008234,4,1038058,3,3,1006900,1069200,0,0,0,0,0,0,0,0,0,1008234
1008236,4,1000700,3,3,970700,1030700,0,0,0,0,0,0,0,0,0,1008236
1008238,4,1046679,3,3,1015300,1078100,0,0,0,0,0,0,0,0,0,1008238
1008239,4,1032645,3,3,1001600,1063600,0,0,0,0,0,0,0,0,0,1008239
1008240,4,1038629,3,3,1007400,1069800,0,0,0,0,0,0,0,0,0,1008240
1008241,4,1055500,3,3,1023800,1087200,0,0,0,0,0,0,0,0,0,1008241
1008242,4,995755,3,3,965900,1025600,0,0,0,0,0,0,0,0,0,1008242
1008243,4,-20950,1,1,-5000,5000,0,0,0,0,0,0,0,0,0,72057615512765046
1008244,4,-18475,1,1,-5000,5000,0,0,0,0,0,0,0,0,0,72057615512765047
1008245,4,-15975,1,1,-5000,5000,0,0,0,0,0,0,0,0,0,72057615512765048
1008246,4,-13775,1,1,-5000,5000,0,0,0,0,0,0,0,0,0,72057615512765049
1008247,4,-10975,1,1,-5000,5000,0,0,0,0,0,0,0,0,0,72057615512765050
1008248,4,-8750,1,1,-5000,5000,0,0,0,0,0,0,0,0,0,72057615512765051
1008249,4,-23450,1,1,-5000,5000,0,0,0,0,0,0,0,0,0,72057615512765052
1008250,4,-25950,1,1,-5000,5000,0,0,0,0,0,0,0,0,0,72057615512765053
1008251,4,-28450,1,1,-5000,5000,0,0,0,0,0,0,0,0,0,72057615512765054
1008252,4,-30950,1,1,-5000,5000,0,0,0,0,0,0,0,0,0,72057615512765055
1008253,4,-33450,1,1,-5000,5000,0,0,0,0,0,0,0,0,0,72057615512765056
1008254,4,21000,1,1,18900,23100,0,0,0,0,0,0,0,0,0,72057615512765057
1008255,4,18525,1,1,16600,20400,0,0,0,0,0,0,0,0,0,72057615512765058
1008256,4,16025,1,1,14400,17600,0,0,0,0,0,0,0,0,0,72057615512765059
1008257,4,13825,10,10,12400,15200,0,0,0,0,0,0,0,0,0,72057615512765060
1008258,4,11025,1,1,9900,12100,0,0,0,0,0,0,0,0,0,72057615512765061
1008259,4,8850,1,1,8000,9700,0,0,0,0,0,0,0,0,0,72057615512765062
1008260,4,23500,1,1,21200,25800,0,0,0,0,0,0,0,0,0,72057615512765063
1008261,4,26000,1,1,23400,28600,0,0,0,0,0,0,0,0,0,72057615512765064
1008262,4,28500,1,1,25600,31400,0,0,0,0,0,0,0,0,0,72057615512765065
1008263,4,31000,1,1,27900,34100,0,0,0,0,0,0,0,0,0,72057615512765066
1008264,4,33500,1,1,30200,36800,0,0,0,0,0,0,0,0,0,72057615512765067
1008270,4,837280,123,22,-8400,45600,0,0,0,0,0,0,0,0,0,72057606922830134
1008272,4,837280,149,48,-8400,25600,0,0,0,0,0,0,0,0,0,72057606922830139
1008273,4,724450,120,20,-7200,44000,0,0,0,0,0,0,0,0,0,72057602627862838
1008276,4,724450,122,22,-7200,40100,0,0,0,0,0,0,0,0,0,72057602627862839
1008278,4,837280,140,39,-8400,29600,0,0,0,0,0,0,0,0,0,72057606922830138
1008283,4,577790,121,21,-5800,33800,0,0,0,0,0,0,0,0,0,72057611217797430
1008284,4,646155,139,40,-6400,22700,0,0,0,0,0,0,0,0,0,72057598332895545
1008285,4,724450,142,42,-7200,24300,0,0,0,0,0,0,0,0,0,72057602627862843
1008287,4,646155,280,119,-9700,11800,0,0,0,0,0,0,0,0,0,72057598332895549
1008288,4,577790,130,30,-5800,24800,0,0,0,0,0,0,0,0,0,72057611217797433
1008290,4,724450,367,179,-10800,11300,0,0,0,0,0,0,0,0,0,72057602627862846
1008296,4,837280,244,95,-12600,17100,0,0,0,0,0,0,0,0,0,72057606922830141
1008297,4,837280,128,28,-8400,37800,0,0,0,0,0,0,0,0,0,72057606922830136
1008300,4,577790,136,36,-5800,21900,0,0,0,0,0,0,0,0,0,72057611217797434
1008301,4,724450,134,34,-7200,28300,0,0,0,0,0,0,0,0,0,72057602627862842
1008303,4,577790,126,26,-5800,28100,0,0,0,0,0,0,0,0,0,72057611217797432
1008305,4,724450,125,25,-7200,36400,0,0,0,0,0,0,0,0,0,72057602627862840
1008307,4,577790,188,60,-8600,15600,0,0,0,0,0,0,0,0,0,72057611217797436
1008308,4,837280,198,65,-12600,21200,0,0,0,0,0,0,0,0,0,72057606922830140
1008309,4,577790,123,23,-5800,30900,0,0,0,0,0,0,0,0,0,72057611217797431
1008311,4,837280,125,25,-8400,41700,0,0,0,0,0,0,0,0,0,72057606922830135
1008313,4,724450,129,29,-7200,32100,0,0,0,0,0,0,0,0,0,72057602627862841
1008316,4,646155,222,81,-9700,14400,0,0,0,0,0,0,0,0,0,72057598332895548
1008320,4,577790,375,185,-8600,8900,0,0,0,0,0,0,0,0,0,72057611217797438
1008321,4,837280,133,33,-8400,33500,0,0,0,0,0,0,0,0,0,72057606922830137
1008323,4,646155,160,60,-6400,17200,0,0,0,0,0,0,0,0,0,72057598332895547
1008324,4,646155,134,34,-6400,25200,0,0,0,0,0,0,0,0,0,72057598332895544
1008327,4,646155,127,27,-6400,30200,0,0,0,0,0,0,0,0,0,72057598332895542
1008329,4,646155,130,30,-6400,27800,0,0,0,0,0,0,0,0,0,72057598332895543
1008330,4,577790,229,86,-8600,12400,0,0,0,0,0,0,0,0,0,72057611217797437
1008331,4,646155,488,260,-9700,9000,0,0,0,0,0,0,0,0,0,72057598332895550
1008332,4,724450,224,83,-10800,15900,0,0,0,0,0,0,0,0,0,72057602627862845
1008334,4,724450,185,57,-10800,20000,0,0,0,0,0,0,0,0,0,72057602627862844
1008336,4,837280,411,206,-12600,12400,0,0,0,0,0,0,0,0,0,72057606922830142
1008340,4,646155,146,46,-6400,20400,0,0,0,0,0,0,0,0,0,72057598332895546
1008344,4,577790,144,44,-5800,18900,0,0,0,0,0,0,0,0,0,72057611217797435
1008353,4,-6075,1,1,-5000,5000,0,0,0,0,0,0,0,0,0,72057615512765070
1008356,4,6225,1,1,5600,6800,0,0,0,0,0,0,0,0,0,72057615512765073
1008357,4,25,0,16700,25,4200,0,0,0,0,0,0,0,0,0,1008357
1008358,4,11500,38,44,6175,16600,0,0,0,0,0,0,0,0,0,1008358
1008359,4,23125,18,104,19000,47100,0,0,0,0,0,0,0,0,0,1008359
1008360,4,1675,99,360,25,7700,0,0,0,0,0,0,0,0,0,1008360
1008365,4,-3650,1,1,-5000,5000,0,0,0,0,0,0,0,0,0,72057615512765076
1008368,4,-1075,1,1,-5000,5000,0,0,0,0,0,0,0,0,0,72057615512765079
1008371,4,1150,1,1,-5000,5000,0,0,0,0,0,0,0,0,0,72057615512765082
1008374,4,4100,1,1,3700,4500,0,0,0,0,0,0,0,0,0,72057615512765085
1008377,4,2475,1,1,2200,2700,0,0,0,0,0,0,0,0,0,72057615512765088
1008380,4,2700,1,1,2400,3000,0,0,0,0,0,0,0,0,0,72057615512765091
1008381,4,19175,32,62,13000,31100,0,0,0,0,0,0,0,0,0,1008381
1008383,4,16825,32,65,11500,27800,0,0,0,0,0,0,0,0,0,1008383
1008386,4,100,75,5400,25,5500,0,0,0,0,0,0,0,0,0,1008386
1008387,4,175,86,3043,25,5500,0,0,0,0,0,0,0,0,0,1008387
1008389,4,325,92,1592,25,5500,0,0,0,0,0,0,0,0,0,1008389
1008391,4,25,0,16700,25,4200,0,0,0,0,0,0,0,0,0,1008391
1008392,4,25,0,16700,25,4200,0,0,0,0,0,0,0,0,0,1008392
1008395,4,25,0,16700,25,4200,0,0,0,0,0,0,0,0,0,1008395
1008397,4,19000,39,43,11600,27100,0,0,0,0,0,0,0,0,0,1008397
1008398,4,16125,37,46,10100,23600,0,0,0,0,0,0,0,0,0,1008398
1008399,4,14000,39,44,8600,20100,0,0,0,0,0,0,0,0,0,1008399
1008400,4,29625,20,90,23600,56400,0,0,0,0,0,0,0,0,0,1008400
1008401,4,27400,20,94,22000,53200,0,0,0,0,0,0,0,0,0,1008401
1008402,4,25250,19,98,20500,50100,0,0,0,0,0,0,0,0,0,1008402
1008403,4,800,97,863,25,7700,0,0,0,0,0,0,0,0,0,1008403
1008404,4,1050,98,633,25,7700,0,0,0,0,0,0,0,0,0,1008404
1008405,4,1325,98,481,25,7700,0,0,0,0,0,0,0,0,0,1008405
1008408,4,21575,32,59,14600,34400,0,0,0,0,0,0,0,0,0,1008408
1008411,4,3875,1,1,-5000,5000,0,0,0,0,0,0,0,0,0,72057615512765094
1008414,4,4275,1,1,3800,4700,0,0,0,0,0,0,0,0,0,72057615512765097
1008417,4,6500,1,1,-5000,5000,0,0,0,0,0,0,0,0,0,72057615512765100
1008420,4,6700,1,1,6000,7400,0,0,0,0,0,0,0,0,0,72057615512765103
1008422,4,50,50,10900,25,5500,0,0,0,0,0,0,0,0,0,1008422
1008424,4,25,0,16700,25,4200,0,0,0,0,0,0,0,0,0,1008424
1008426,4,21500,39,42,13100,30600,0,0,0,0,0,0,0,0,0,1008426
1008427,4,31900,22,87,25000,59600,0,0,0,0,0,0,0,0,0,1008427
1008428,4,600,96,1183,25,7700,0,0,0,0,0,0,0,0,0,1008428
1008430,4,24025,33,57,16100,37800,0,0,0,0,0,0,0,0,0,1008430
1008431,4,450,94,1611,25,7700,0,0,0,0,0,0,0,0,0,1008431
1008433,4,26475,34,56,17600,41200,0,0,0,0,0,0,0,0,0,1008433
1008435,4,25,0,21900,25,5500,0,0,0,0,0,0,0,0,0,1008435
1008437,4,25,0,16700,25,4200,0,0,0,0,0,0,0,0,0,1008437
1008439,4,24000,39,42,14600,34000,0,0,0,0,0,0,0,0,0,1008439
1008440,4,34200,22,84,26600,62900,0,0,0,0,0,0,0,0,0,1008440
1008443,4,8650,1,1,-5000,5000,0,0,0,0,0,0,0,0,0,72057615512765106
1008446,4,8700,1,1,7800,9600,0,0,0,0,0,0,0,0,0,72057615512765109
1008447,4,11050,0,221,11025,35500,0,0,0,0,0,0,0,0,0,1008447
1008448,4,18650,100,20,25,22400,0,0,0,0,0,0,0,0,0,1008448
1008449,4,20325,98,20,400,24400,0,0,0,0,0,0,0,0,0,1008449
1008450,4,9900,0,236,9900,33300,0,0,0,0,0,0,0,0,0,1008450
1008451,4,8850,3,253,8600,31200,0,0,0,0,0,0,0,0,0,1008451
1008452,4,11400,100,20,25,13700,0,0,0,0,0,0,0,0,0,1008452
1008454,4,7875,5,270,7500,29100,0,0,0,0,0,0,0,0,0,1008454
1008455,4,766000,6,6,727700,804300,0,0,0,0,0,0,0,0,0,1008455
1008456,4,28950,34,54,19100,44700,0,0,0,0,0,0,0,0,0,1008456
1008457,4,16425,0,176,16400,45300,0,0,0,0,0,0,0,0,0,1008457
1008458,4,12675,100,20,25,15200,0,0,0,0,0,0,0,0,0,1008458
1008459,4,879475,6,6,835500,923400,0,0,0,0,0,0,0,0,0,1008459
1008460,4,14050,100,20,25,16800,0,0,0,0,0,0,0,0,0,1008460
1008461,4,14950,0,186,14925,42700,0,0,0,0,0,0,0,0,0,1008461
1008462,4,13575,0,196,13550,40200,0,0,0,0,0,0,0,0,0,1008462
1008463,4,609525,6,6,579000,640000,0,0,0,0,0,0,0,0,0,1008463
1008464,4,15500,100,20,25,18600,0,0,0,0,0,0,0,0,0,1008464
1008465,4,25,0,21900,25,5500,0,0,0,0,0,0,0,0,0,1008465
1008466,4,7075,100,22,25,8600,0,0,0,0,0,0,0,0,0,1008466
1008467,4,12250,0,209,12225,37800,0,0,0,0,0,0,0,0,0,1008467
1008468,4,23125,4,143,22200,56200,0,0,0,0,0,0,0,0,0,1008468
1008469,4,8025,100,7,25,8600,0,0,0,0,0,0,0,0,0,1008469
1008471,4,9050,100,2,25,9200,0,0,0,0,0,0,0,0,0,1008471
1008472,4,21325,2,150,20800,53400,0,0,0,0,0,0,0,0,0,1008472
1008473,4,19625,2,158,19300,50600,0,0,0,0,0,0,0,0,0,1008473
1008474,4,25,0,16700,25,4200,0,0,0,0,0,0,0,0,0,1008474
1008475,4,10175,100,20,25,12200,0,0,0,0,0,0,0,0,0,1008475
1008476,4,4025,99,114,25,8600,0,0,0,0,0,0,0,0,0,1008476
1008477,4,18000,1,166,17900,47900,0,0,0,0,0,0,0,0,0,1008477
1008478,4,30900,9,120,28100,68000,0,0,0,0,0,0,0,0,0,1008478
1008479,4,4675,99,84,25,8600,0,0,0,0,0,0,0,0,0,1008479
1008480,4,5400,100,59,25,8600,0,0,0,0,0,0,0,0,0,1008480
1008481,4,28875,8,125,26600,65000,0,0,0,0,0,0,0,0,0,1008481
1008482,4,26875,7,131,25100,62000,0,0,0,0,0,0,0,0,0,1008482
1008483,4,6200,100,39,25,8600,0,0,0,0,0,0,0,0,0,1008483
1008484,4,2075,99,314,25,8600,0,0,0,0,0,0,0,0,0,1008484
1008485,4,24975,5,137,23700,59100,0,0,0,0,0,0,0,0,0,1008485
1008486,4,26500,39,42,16100,37600,0,0,0,0,0,0,0,0,0,1008486
1008487,4,39500,14,104,34000,80500,0,0,0,0,0,0,0,0,0,1008487
1008488,4,2475,99,247,25,8600,0,0,0,0,0,0,0,0,0,1008488
1008489,4,2925,99,194,25,8600,0,0,0,0,0,0,0,0,0,1008489
1008490,4,37300,13,107,32500,77300,0,0,0,0,0,0,0,0,0,1008490
1008491,4,35125,12,111,31000,74200,0,0,0,0,0,0,0,0,0,1008491
1008492,4,3450,99,149,25,8600,0,0,0,0,0,0,0,0,0,1008492
1008493,4,975,97,782,25,8600,0,0,0,0,0,0,0,0,0,1008493
1008494,4,32975,10,116,29600,71100,0,0,0,0,0,0,0,0,0,1008494
1008495,4,1175,98,632,25,8600,0,0,0,0,0,0,0,0,0,1008495
1008496,4,1450,98,493,25,8600,0,0,0,0,0,0,0,0,0,1008496
1008497,4,44025,16,97,36900,86800,0,0,0,0,0,0,0,0,0,1008497
1008498,4,1725,99,399,25,8600,0,0,0,0,0,0,0,0,0,1008498
1008499,4,940950,1,1,931500,950400,0,0,0,0,0,0,0,0,0,1008499
1008500,4,41750,15,100,35400,83600,0,0,0,0,0,0,0,0,0,1008500
1008501,4,36550,23,81,28000,66200,0,0,0,0,0,0,0,0,0,1008501
1008502,4,6975,8,290,6400,27200,0,0,0,0,0,0,0,0,0,1008502
1008503,4,625,96,1276,25,8600,0,0,0,0,0,0,0,0,0,1008503
1008504,4,672750,6,6,639100,706400,0,0,0,0,0,0,0,0,0,1008504
1008505,4,6150,12,311,5400,25300,0,0,0,0,0,0,0,0,0,1008505
1008506,4,5400,19,337,4400,23600,0,0,0,0,0,0,0,0,0,1008506
1008507,4,775,97,1010,25,8600,0,0,0,0,0,0,0,0,0,1008507
1008508,4,350,93,2100,25,7700,0,0,0,0,0,0,0,0,0,1008508
1008509,4,17050,100,20,25,20400,0,0,0,0,0,0,0,0,0,1008509
1008510,4,1125,1,1,-5000,5000,0,0,0,0,0,0,0,0,0,72057615512765110
1008511,4,3750,1,1,-5000,5000,0,0,0,0,0,0,0,0,0,72057615512765111
1008512,4,6325,1,1,-5000,5000,0,0,0,0,0,0,0,0,0,72057615512765112
1008513,4,9450,1,1,-5000,5000,0,0,0,0,0,0,0,0,0,72057615512765113
1008514,4,11525,1,1,-5000,5000,0,0,0,0,0,0,0,0,0,72057615512765114
1008516,4,11475,1,1,-5000,5000,0,0,0,0,0,0,0,0,0,72057615512765116
1008517,4,13700,1,1,-5000,5000,0,0,0,0,0,0,0,0,0,72057615512765117
1008518,4,-1350,1,1,-5000,5000,0,0,0,0,0,0,0,0,0,72057615512765118
1008519,4,-3875,1,1,-5000,5000,0,0,0,0,0,0,0,0,0,72057615512765119
1008520,4,-6200,1,1,-5000,5000,0,0,0,0,0,0,0,0,0,72057615512765120
1008521,4,-8400,1,1,-5000,5000,0,0,0,0,0,0,0,0,0,72057615512765121
1008522,4,-10925,1,1,-5000,5000,0,0,0,0,0,0,0,0,0,72057615512765122
1008523,4,7825,1,1,7000,8600,0,0,0,0,0,0,0,0,0,72057615512765123
1008524,4,8100,1,1,7300,8900,0,0,0,0,0,0,0,0,0,72057615512765124
1008525,4,8975,1,1,8100,9800,0,0,0,0,0,0,0,0,0,72057615512765125
1008526,4,11200,1,1,10100,12300,0,0,0,0,0,0,0,0,0,72057615512765126
1008527,4,13225,1,1,11900,14500,0,0,0,0,0,0,0,0,0,72057615512765127
1008529,4,11525,1,1,10400,12700,0,0,0,0,0,0,0,0,0,72057615512765129
1008530,4,14300,10,10,12800,15700,0,0,0,0,0,0,0,0,0,72057615512765130
1008531,4,8050,1,1,7200,8800,0,0,0,0,0,0,0,0,0,72057615512765131
1008532,4,8825,1,1,7900,9700,0,0,0,0,0,0,0,0,0,72057615512765132
1008533,4,9800,1,1,8800,10800,0,0,0,0,0,0,0,0,0,72057615512765133
1008534,4,11350,1,1,10200,12500,0,0,0,0,0,0,0,0,0,72057615512765134
1008535,4,12825,1,1,11500,14100,0,0,0,0,0,0,0,0,0,72057615512765135
1008537,4,577790,186,57,-8600,15800,0,0,0,0,0,0,0,0,0,72057611217797447
1008538,4,646155,148,48,-6400,19900,0,0,0,0,0,0,0,0,0,72057598332895557
1008539,4,646155,130,30,-6400,27900,0,0,0,0,0,0,0,0,0,72057598332895554
1008540,4,646155,124,25,-6400,32900,0,0,0,0,0,0,0,0,0,72057598332895552
1008541,4,920000,626,523,-9200,10900,0,0,0,0,0,0,0,0,0,72057624102699108
1008542,4,577790,355,173,-8600,9200,0,0,0,0,0,0,0,0,0,72057611217797449
1008543,4,724450,183,55,-10800,20300,0,0,0,0,0,0,0,0,0,72057602627862855
1008544,4,646155,127,27,-6400,30500,0,0,0,0,0,0,0,0,0,72057598332895553
1008545,4,646155,287,123,-9700,11600,0,0,0,0,0,0,0,0,0,72057598332895560
1008546,4,920000,572,469,-9200,11100,0,0,0,0,0,0,0,0,0,72057624102699107
1008547,4,724450,163,42,-10800,24300,0,0,0,0,0,0,0,0,0,72057602627862854
1008548,4,837280,249,99,-12600,16800,0,0,0,0,0,0,0,0,0,72057606922830152
1008549,4,577790,135,35,-5800,22200,0,0,0,0,0,0,0,0,0,72057611217797445
1008550,4,646155,138,39,-6400,23100,0,0,0,0,0,0,0,0,0,72057598332895556
1008554,4,837280,120,20,-8400,50000,0,0,0,0,0,0,0,0,0,72057606922830144
1008555,4,837280,139,39,-8400,30000,0,0,0,0,0,0,0,0,0,72057606922830149
1008556,4,724450,117,18,-7200,48400,0,0,0,0,0,0,0,0,0,72057602627862848
1008557,4,724450,119,19,-7200,44500,0,0,0,0,0,0,0,0,0,72057602627862849
1008558,4,837280,133,33,-8400,34000,0,0,0,0,0,0,0,0,0,72057606922830148
1008559,4,577790,118,18,-5800,37200,0,0,0,0,0,0,0,0,0,72057611217797440
1008560,4,724450,134,34,-7200,28700,0,0,0,0,0,0,0,0,0,72057602627862853
1008561,4,646155,134,34,-6400,25400,0,0,0,0,0,0,0,0,0,72057598332895555
1008562,4,577790,126,26,-5800,28200,0,0,0,0,0,0,0,0,0,72057611217797443
1008563,4,724450,228,85,-10800,15600,0,0,0,0,0,0,0,0,0,72057602627862856
1008564,4,646155,220,80,-9700,14600,0,0,0,0,0,0,0,0,0,72057598332895559
1008565,4,646155,459,241,-9700,9200,0,0,0,0,0,0,0,0,0,72057598332895561
1008566,4,837280,196,63,-12600,21500,0,0,0,0,0,0,0,0,0,72057606922830151
1008567,4,837280,125,24,-8400,42200,0,0,0,0,0,0,0,0,0,72057606922830146
1008569,4,577790,130,30,-5800,25300,0,0,0,0,0,0,0,0,0,72057611217797444
1008570,4,724450,128,28,-7200,32700,0,0,0,0,0,0,0,0,0,72057602627862852
1008571,4,577790,123,22,-5800,31400,0,0,0,0,0,0,0,0,0,72057611217797442
1008572,4,724450,121,22,-7200,40800,0,0,0,0,0,0,0,0,0,72057602627862850
1008573,4,577790,165,44,-8600,18900,0,0,0,0,0,0,0,0,0,72057611217797446
1008574,4,577790,120,20,-5800,34300,0,0,0,0,0,0,0,0,0,72057611217797441
1008575,4,837280,386,191,-12600,12800,0,0,0,0,0,0,0,0,0,72057606922830153
1008576,4,837280,173,49,-12600,25600,0,0,0,0,0,0,0,0,0,72057606922830150
1008577,4,724450,347,165,-10800,11600,0,0,0,0,0,0,0,0,0,72057602627862857
1008578,4,837280,122,22,-8400,46100,0,0,0,0,0,0,0,0,0,72057606922830145
1008579,4,724450,125,25,-7200,36500,0,0,0,0,0,0,0,0,0,72057602627862851
1008580,4,577790,232,89,-8600,12300,0,0,0,0,0,0,0,0,0,72057611217797448
1008581,4,646155,191,61,-9700,17100,0,0,0,0,0,0,0,0,0,72057598332895558
1008582,4,837280,128,28,-8400,37900,0,0,0,0,0,0,0,0,0,72057606922830147
1008583,4,1038150,3,3,1007000,1069300,0,0,0,0,0,0,0,0,0,1008583
1008584,4,1045375,3,3,1014000,1076700,0,0,0,0,0,0,0,0,0,1008584
1008585,4,992025,3,3,962200,1021800,0,0,0,0,0,0,0,0,0,1008585
1008586,4,1008025,3,3,977800,1038200,0,0,0,0,0,0,0,0,0,1008586
1008587,4,1029150,3,3,998300,1060000,0,0,0,0,0,0,0,0,0,1008587
1008588,4,996500,3,3,966600,1026400,0,0,0,0,0,0,0,0,0,1008588
1008590,4,1055500,-65,-164,-10600,4100,0,0,0,0,0,0,0,0,0,72057675642306683
1008592,4,1012654,-967,-711,-15200,8700,0,0,0,0,0,0,0,0,0,72057761541652529
1008593,4,1038058,-30,-130,-10400,2400,0,0,0,0,0,0,0,0,0,72057679937273953
1008596,4,1046679,-93,-195,-10400,5100,0,0,0,0,0,0,0,0,0,72057735771848767
1008598,4,1012654,-140,-240,-10100,5900,0,0,0,0,0,0,0,0,0,72057761541652527
1008600,4,1038058,-96,-196,-10400,5100,0,0,0,0,0,0,0,0,0,72057679937273954
1008601,4,995755,-1354,-968,-14900,8900,0,0,0,0,0,0,0,0,0,72057770131587101
1008602,4,1038058,-512,-406,-15600,7800,0,0,0,0,0,0,0,0,0,72057679937273955
1008603,4,1000700,-254,-355,-10000,7200,0,0,0,0,0,0,0,0,0,72057765836619804
1008605,4,1046679,-36,-137,-10400,2800,0,0,0,0,0,0,0,0,0,72057735771848766
1008607,4,995755,-344,-442,-10000,7700,0,0,0,0,0,0,0,0,0,72057770131587100
1008608,4,1000700,-1054,-769,-15000,8700,0,0,0,0,0,0,0,0,0,72057765836619805
1008609,4,1000700,-161,-262,-10000,6200,0,0,0,0,0,0,0,0,0,72057765836619803
1008612,4,1012654,-231,-333,-10100,7100,0,0,0,0,0,0,0,0,0,72057761541652528
1008613,4,1055500,-16,-115,-10600,1400,0,0,0,0,0,0,0,0,0,72057675642306682
1008614,4,995755,-192,-290,-10000,6500,0,0,0,0,0,0,0,0,0,72057770131587099
1008617,4,1055500,-406,-337,-15800,7400,0,0,0,0,0,0,0,0,0,72057675642306684
1008618,4,1046679,-476,-383,-15700,7700,0,0,0,0,0,0,0,0,0,72057735771848768
1008620,4,31425,34,53,20600,48100,0,0,0,0,0,0,0,0,0,1008620
1008621,4,25,0,21900,25,5500,0,0,0,0,0,0,0,0,0,1008621
1008623,4,25,0,16700,25,4200,0,0,0,0,0,0,0,0,0,1008623
1008624,4,28975,39,42,17600,41000,0,0,0,0,0,0,0,0,0,1008624
1008625,4,46325,17,94,38300,90100,0,0,0,0,0,0,0,0,0,1008625
1008626,4,38925,24,78,29500,69400,0,0,0,0,0,0,0,0,0,1008626
1008627,4,500,95,1620,25,8600,0,0,0,0,0,0,0,0,0,1008627
1008628,4,250,90,2980,25,7700,0,0,0,0,0,0,0,0,0,1008628
1008629,4,-13375,1,1,-5000,5000,0,0,0,0,0,0,0,0,0,72057615512765136
1008630,4,14675,1,1,13200,16100,0,0,0,0,0,0,0,0,0,72057615512765137
1008632,4,13975,1,1,-5000,5000,0,0,0,0,0,0,0,0,0,72057615512765139
1008633,4,16500,1,1,-5000,5000,0,0,0,0,0,0,0,0,0,72057615512765140
1008635,4,14025,1,1,12600,15400,0,0,0,0,0,0,0,0,0,72057615512765142
1008636,4,17150,10,10,15400,18800,0,0,0,0,0,0,0,0,0,72057615512765143
1008638,4,33925,35,52,22100,51600,0,0,0,0,0,0,0,0,0,1008638
1008639,4,25,0,21900,25,5500,0,0,0,0,0,0,0,0,0,1008639
1008641,4,25,0,16700,25,4200,0,0,0,0,0,0,0,0,0,1008641
1008642,4,31475,39,42,19100,44600,0,0,0,0,0,0,0,0,0,1008642
1008643,4,48650,18,92,39800,93300,0,0,0,0,0,0,0,0,0,1008643
1008644,4,41300,25,76,31000,72800,0,0,0,0,0,0,0,0,0,1008644
1008645,4,400,94,2050,25,8600,0,0,0,0,0,0,0,0,0,1008645
1008646,4,175,86,4300,25,7700,0,0,0,0,0,0,0,0,0,1008646
1008648,4,16100,1,1,-5000,5000,0,0,0,0,0,0,0,0,0,72057615512765145
1008649,4,19000,1,1,-5000,5000,0,0,0,0,0,0,0,0,0,72057615512765146
1008651,4,16150,1,1,14500,17800,0,0,0,0,0,0,0,0,0,72057615512765148
1008652,4,19350,1,1,17400,21300,0,0,0,0,0,0,0,0,0,72057615512765149
1008653,4,43725,26,74,32500,76100,0,0,0,0,0,0,0,0,0,1008653
1008654,4,325,92,2546,25,8600,0,0,0,0,0,0,0,0,0,1008654
1008655,4,125,80,6060,25,7700,0,0,0,0,0,0,0,0,0,1008655
1008657,4,36400,35,51,23600,55000,0,0,0,0,0,0,0,0,0,1008657
1008658,4,25,0,21900,25,5500,0,0,0,0,0,0,0,0,0,1008658
1008660,4,25,0,16700,25,4200,0,0,0,0,0,0,0,0,0,1008660
1008661,4,33975,39,41,20600,48000,0,0,0,0,0,0,0,0,0,1008661
1008662,4,51000,19,89,41200,96600,0,0,0,0,0,0,0,0,0,1008662
1008663,4,875,97,620,25,6300,0,0,0,0,0,0,0,0,0,1008663
1008664,4,25,0,25500,25,6400,0,0,0,0,0,0,0,0,0,1008664
1008665,4,14950,71,12,4400,19150,0,0,0,0,0,0,0,0,0,1008665
1008666,4,625,96,908,25,6300,0,0,0,0,0,0,0,0,0,1008666
1008667,4,4525,54,174,1550,12400,0,0,0,0,0,0,0,0,0,1008667
1008668,4,17025,67,12,5600,21275,0,0,0,0,0,0,0,0,0,1008668
1008669,4,19175,63,12,7000,23525,0,0,0,0,0,0,0,0,0,1008669
1008670,4,675375,6,6,641600,709100,0,0,0,0,0,0,0,0,0,1008670
1008671,4,3575,66,202,1200,10800,0,0,0,0,0,0,0,0,0,1008671
1008672,4,2275,82,309,400,9300,0,0,0,0,0,0,0,0,0,1008672
1008673,4,21400,61,12,8400,25775,0,0,0,0,0,0,0,0,0,1008673
1008674,4,7925,95,20,400,11525,0,0,0,0,0,0,0,0,0,1008674
1008675,4,2150,99,272,25,8000,0,0,0,0,0,0,0,0,0,1008675
1008676,4,9825,30,114,6900,21000,0,0,0,0,0,0,0,0,0,1008676
1008677,4,9475,87,16,1200,13250,0,0,0,0,0,0,0,0,0,1008677
1008678,4,11175,81,14,2100,15125,0,0,0,0,0,0,0,0,0,1008678
1008679,4,939325,1,1,929900,948700,0,0,0,0,0,0,0,0,0,1008679
1008680,4,8275,32,125,5600,18600,0,0,0,0,0,0,0,0,0,1008680
1008681,4,6850,37,138,3275,16300,0,0,0,0,0,0,0,0,0,1008681
1008682,4,13000,75,12,3200,17075,0,0,0,0,0,0,0,0,0,1008682
1008683,4,3325,99,92,25,6400,0,0,0,0,0,0,0,0,0,1008683
1008684,4,5600,43,155,3200,14300,0,0,0,0,0,0,0,0,0,1008684
1008685,4,770325,6,6,731800,808800,0,0,0,0,0,0,0,0,0,1008685
1008686,4,17475,27,84,12800,32100,0,0,0,0,0,0,0,0,0,1008686
1008687,4,4225,99,51,25,7075,0,0,0,0,0,0,0,0,0,1008687
1008688,4,5300,100,32,25,8425,0,0,0,0,0,0,0,0,0,1008688
1008689,4,883800,6,6,839600,928000,0,0,0,0,0,0,0,0,0,1008689
1008690,4,15375,27,90,11300,29200,0,0,0,0,0,0,0,0,0,1008690
1008691,4,13400,27,96,9800,26300,0,0,0,0,0,0,0,0,0,1008691
1008692,4,6525,100,26,25,9900,0,0,0,0,0,0,0,0,0,1008692
1008693,4,612850,6,6,582200,643500,0,0,0,0,0,0,0,0,0,1008693
1008694,4,1025,98,524,25,6400,0,0,0,0,0,0,0,0,0,1008694
1008695,4,11550,28,104,8300,23600,0,0,0,0,0,0,0,0,0,1008695
1008696,4,26575,29,69,19000,44900,0,0,0,0,0,0,0,0,0,1008696
1008697,4,1425,98,349,25,6400,0,0,0,0,0,0,0,0,0,1008697
1008698,4,1925,99,232,25,6400,0,0,0,0,0,0,0,0,0,1008698
1008699,4,24200,28,72,17400,41600,0,0,0,0,0,0,0,0,0,1008699
1008700,4,21900,27,75,15900,38400,0,0,0,0,0,0,0,0,0,1008700
1008701,4,2550,99,151,25,6400,0,0,0,0,0,0,0,0,0,1008701
1008702,4,225,89,2744,25,6400,0,0,0,0,0,0,0,0,0,1008702
1008703,4,19650,27,79,14400,35200,0,0,0,0,0,0,0,0,0,1008703
1008704,4,36300,31,61,25000,58400,0,0,0,0,0,0,0,0,0,1008704
1008705,4,350,93,1729,25,6400,0,0,0,0,0,0,0,0,0,1008705
1008706,4,500,95,1180,25,6400,0,0,0,0,0,0,0,0,0,1008706
1008707,4,33850,31,62,23500,55000,0,0,0,0,0,0,0,0,0,1008707
1008708,4,31400,30,64,22000,51600,0,0,0,0,0,0,0,0,0,1008708
1008709,4,725,97,783,25,6400,0,0,0,0,0,0,0,0,0,1008709
1008710,4,25,0,25500,25,6400,0,0,0,0,0,0,0,0,0,1008710
1008711,4,28975,29,66,20500,48200,0,0,0,0,0,0,0,0,0,1008711
1008712,4,50,50,12700,25,6400,0,0,0,0,0,0,0,0,0,1008712
1008713,4,100,75,6300,25,6400,0,0,0,0,0,0,0,0,0,1008713
1008714,4,150,83,4167,25,6400,0,0,0,0,0,0,0,0,0,1008714
1008715,4,38750,32,59,26400,61800,0,0,0,0,0,0,0,0,0,1008715
1008716,4,1625,98,325,25,6900,0,0,0,0,0,0,0,0,0,1008716
1008717,4,1200,98,425,25,6300,0,0,0,0,0,0,0,0,0,1008717
1008718,4,250,90,3340,25,8600,0,0,0,0,0,0,0,0,0,1008718
1008719,4,100,75,7600,25,7700,0,0,0,0,0,0,0,0,0,1008719
1008720,4,38900,35,50,25100,58500,0,0,0,0,0,0,0,0,0,1008720
1008721,4,25,0,21900,25,5500,0,0,0,0,0,0,0,0,0,1008721
1008722,4,25,0,16700,25,4200,0,0,0,0,0,0,0,0,0,1008722
1008723,4,36475,39,41,22100,51600,0,0,0,0,0,0,0,0,0,1008723
1008724,4,41225,32,58,27900,65200,0,0,0,0,0,0,0,0,0,1008724
1008725,4,53375,20,87,42600,99800,0,0,0,0,0,0,0,0,0,1008725
1008726,4,25,0,25500,25,6400,0,0,0,0,0,0,0,0,0,1008726
1008727,4,46150,26,72,34000,79400,0,0,0,0,0,0,0,0,0,1008727
1008728,4,11475,1,1,-5000,5000,0,0,0,0,0,0,0,0,0,72057615512765150
1008729,4,13950,1,1,-5000,5000,0,0,0,0,0,0,0,0,0,72057615512765151
1008730,4,16450,1,1,-5000,5000,0,0,0,0,0,0,0,0,0,72057615512765152
1008731,4,18925,1,1,-5000,5000,0,0,0,0,0,0,0,0,0,72057615512765153
1008732,4,21400,1,1,-5000,5000,0,0,0,0,0,0,0,0,0,72057615512765154
1008733,4,18975,1,1,-5000,5000,0,0,0,0,0,0,0,0,0,72057615512765155
1008734,4,21475,1,1,-5000,5000,0,0,0,0,0,0,0,0,0,72057615512765156
1008735,4,23850,1,1,-5000,5000,0,0,0,0,0,0,0,0,0,72057615512765157
1008736,4,9000,1,1,-5000,5000,0,0,0,0,0,0,0,0,0,72057615512765158
1008737,4,6500,1,1,-5000,5000,0,0,0,0,0,0,0,0,0,72057615512765159
1008738,4,4050,1,1,-5000,5000,0,0,0,0,0,0,0,0,0,72057615512765160
1008739,4,1550,1,1,-5000,5000,0,0,0,0,0,0,0,0,0,72057615512765161
1008740,4,-925,1,1,-5000,5000,0,0,0,0,0,0,0,0,0,72057615512765162
1008741,4,15325,1,1,13800,16800,0,0,0,0,0,0,0,0,0,72057615512765163
1008742,4,16800,1,1,15100,18500,0,0,0,0,0,0,0,0,0,72057615512765164
1008743,4,18500,1,1,16600,20400,0,0,0,0,0,0,0,0,0,72057615512765165
1008744,4,20375,1,1,18300,22400,0,0,0,0,0,0,0,0,0,72057615512765166
1008745,4,22400,1,1,20200,24600,0,0,0,0,0,0,0,0,0,72057615512765167
1008746,4,19025,10,10,17100,20900,0,0,0,0,0,0,0,0,0,72057615512765168
1008747,4,21675,1,1,19500,23800,0,0,0,0,0,0,0,0,0,72057615512765169
1008748,4,24550,1,1,22100,27000,0,0,0,0,0,0,0,0,0,72057615512765170
1008749,4,14100,1,1,12700,15500,0,0,0,0,0,0,0,0,0,72057615512765171
1008750,4,13150,1,1,11800,14400,0,0,0,0,0,0,0,0,0,72057615512765172
1008751,4,12500,1,1,11200,13700,0,0,0,0,0,0,0,0,0,72057615512765173
1008752,4,12150,1,1,10900,13400,0,0,0,0,0,0,0,0,0,72057615512765174
1008753,4,12125,1,1,10900,13300,0,0,0,0,0,0,0,0,0,72057615512765175
1008754,4,837280,122,22,-8400,46600,0,0,0,0,0,0,0,0,0,72057606922830156
1008755,4,646155,190,60,-9700,17200,0,0,0,0,0,0,0,0,0,72057598332895569
1008756,4,577790,125,25,-5800,28600,0,0,0,0,0,0,0,0,0,72057611217797454
1008757,4,646155,282,122,-9700,11800,0,0,0,0,0,0,0,0,0,72057598332895571
1008758,4,724450,124,24,-7200,37000,0,0,0,0,0,0,0,0,0,72057602627862862
1008759,4,577790,120,20,-5800,34800,0,0,0,0,0,0,0,0,0,72057611217797452
1008760,4,724450,119,19,-7200,45100,0,0,0,0,0,0,0,0,0,72057602627862860
1008761,4,577790,152,35,-8600,22200,0,0,0,0,0,0,0,0,0,72057611217797456
1008762,4,577790,118,18,-5800,37600,0,0,0,0,0,0,0,0,0,72057611217797451
1008763,4,577790,359,174,-8600,9100,0,0,0,0,0,0,0,0,0,72057611217797460
1008764,4,837280,244,96,-12600,17100,0,0,0,0,0,0,0,0,0,72057606922830163
1008765,4,837280,158,39,-12600,29900,0,0,0,0,0,0,0,0,0,72057606922830160
1008766,4,724450,224,83,-10800,15900,0,0,0,0,0,0,0,0,0,72057602627862867
1008767,4,837280,120,20,-8400,50400,0,0,0,0,0,0,0,0,0,72057606922830155
1008768,4,724450,121,22,-7200,40800,0,0,0,0,0,0,0,0,0,72057602627862861
1008769,4,646155,470,247,-9700,9100,0,0,0,0,0,0,0,0,0,72057598332895572
1008770,4,577790,188,59,-8600,15600,0,0,0,0,0,0,0,0,0,72057611217797458
1008771,4,837280,125,25,-8400,42200,0,0,0,0,0,0,0,0,0,72057606922830157
1008772,4,577790,164,44,-8600,19200,0,0,0,0,0,0,0,0,0,72057611217797457
1008773,4,646155,173,48,-9700,19700,0,0,0,0,0,0,0,0,0,72057598332895568
1008774,4,577790,228,87,-8600,12500,0,0,0,0,0,0,0,0,0,72057611217797459
1008775,4,724450,162,41,-10800,24600,0,0,0,0,0,0,0,0,0,72057602627862865
1008776,4,920000,666,565,-9200,10800,0,0,0,0,0,0,0,0,0,72057624102699112
1008777,4,724450,150,33,-10800,28600,0,0,0,0,0,0,0,0,0,72057602627862864
1008778,4,837280,391,194,-12600,12700,0,0,0,0,0,0,0,0,0,72057606922830164
1008779,4,837280,199,65,-12600,21100,0,0,0,0,0,0,0,0,0,72057606922830162
1008780,4,646155,140,40,-6400,22500,0,0,0,0,0,0,0,0,0,72057598332895567
1008781,4,646155,127,27,-6400,30500,0,0,0,0,0,0,0,0,0,72057598332895564
1008782,4,646155,122,22,-6400,35500,0,0,0,0,0,0,0,0,0,72057598332895562
1008783,4,646155,124,24,-6400,33100,0,0,0,0,0,0,0,0,0,72057598332895563
1008784,4,646155,224,83,-9700,14300,0,0,0,0,0,0,0,0,0,72057598332895570
1008785,4,577790,129,29,-5800,25600,0,0,0,0,0,0,0,0,0,72057611217797455
1008786,4,920000,7460,7340,-9200,9300,0,0,0,0,0,0,0,0,0,72057624102699111
1008787,4,920000,2931,2823,-9200,9500,0,0,0,0,0,0,0,0,0,72057624102699110
1008788,4,646155,133,33,-6400,25700,0,0,0,0,0,0,0,0,0,72057598332895566
1008789,4,837280,118,18,-8400,54300,0,0,0,0,0,0,0,0,0,72057606922830154
1008790,4,837280,132,32,-8400,34300,0,0,0,0,0,0,0,0,0,72057606922830159
1008791,4,724450,116,16,-7200,52700,0,0,0,0,0,0,0,0,0,72057602627862858
1008792,4,724450,117,17,-7200,48800,0,0,0,0,0,0,0,0,0,72057602627862859
1008793,4,837280,128,28,-8400,38300,0,0,0,0,0,0,0,0,0,72057606922830158
1008794,4,724450,350,168,-10800,11600,0,0,0,0,0,0,0,0,0,72057602627862868
1008795,4,577790,117,17,-5800,40500,0,0,0,0,0,0,0,0,0,72057611217797450
1008796,4,724450,128,28,-7200,33000,0,0,0,0,0,0,0,0,0,72057602627862863
1008797,4,577790,123,23,-5800,31600,0,0,0,0,0,0,0,0,0,72057611217797453
1008798,4,724450,185,57,-10800,20000,0,0,0,0,0,0,0,0,0,72057602627862866
1008799,4,837280,172,48,-12600,25800,0,0,0,0,0,0,0,0,0,72057606922830161
1008800,4,646155,130,30,-6400,28000,0,0,0,0,0,0,0,0,0,72057598332895565
1008801,4,1011775,3,3,981400,1042100,0,0,0,0,0,0,0,0,0,1008801
1008802,4,1040450,3,3,1009200,1071600,0,0,0,0,0,0,0,0,0,1008802
1008804,4,1036150,3,3,1005000,1067200,0,0,0,0,0,0,0,0,0,1008804
1008805,4,999900,3,3,969900,1029900,0,0,0,0,0,0,0,0,0,1008805
1008806,4,1044925,3,3,1013600,1076200,0,0,0,0,0,0,0,0,0,1008806
1008808,4,1030900,3,3,1000000,1061800,0,0,0,0,0,0,0,0,0,1008808
1008809,4,1053500,3,3,1021900,1085100,0,0,0,0,0,0,0,0,0,1008809
1008810,4,994950,3,3,965100,1024800,0,0,0,0,0,0,0,0,0,1008810
1008811,4,1012654,-1343,-1443,-10100,9400,0,0,0,0,0,0,0,0,0,72057761541652532
1008812,4,1055500,-112,-212,-10600,5600,0,0,0,0,0,0,0,0,0,72057675642306688
1008814,4,1046679,-1089,-1197,-10400,9600,0,0,0,0,0,0,0,0,0,72057735771848770
1008816,4,1000700,-194,-294,-10000,6600,0,0,0,0,0,0,0,0,0,72057765836619810
1008817,4,1012654,-169,-271,-10100,6400,0,0,0,0,0,0,0,0,0,72057761541652534
1008818,4,1042066,-1089,-1186,-10400,9500,0,0,0,0,0,0,0,0,0,72057692822175835
1008819,4,1032645,-598,-697,-10300,8800,0,0,0,0,0,0,0,0,0,72057684232241249
1008820,4,1000700,-2253,-2359,-10000,9600,0,0,0,0,0,0,0,0,0,72057765836619807
1008821,4,1000700,-376,-476,-10000,7900,0,0,0,0,0,0,0,0,0,72057765836619809
1008822,4,1012654,-334,-435,-10100,7800,0,0,0,0,0,0,0,0,0,72057761541652533
1008823,4,995755,-242,-339,-10000,7000,0,0,0,0,0,0,0,0,0,72057770131587106
1008824,4,1000700,-1639,-1735,-10000,9400,0,0,0,0,0,0,0,0,0,72057765836619808
1008826,4,1046679,-643,-743,-10400,9000,0,0,0,0,0,0,0,0,0,72057735771848771
1008827,4,995755,-1900,-1980,-10000,9400,0,0,0,0,0,0,0,0,0,72057770131587103
1008829,4,1042066,-571,-668,-10400,8800,0,0,0,0,0,0,0,0,0,72057692822175836
1008830,4,1055500,-987,-1085,-10600,9600,0,0,0,0,0,0,0,0,0,72057675642306686
1008831,4,995755,-426,-521,-10000,8000,0,0,0,0,0,0,0,0,0,72057770131587105
1008832,4,995755,-1381,-1478,-10000,9300,0,0,0,0,0,0,0,0,0,72057770131587104
1008833,4,1032645,-1112,-1218,-10300,9500,0,0,0,0,0,0,0,0,0,72057684232241248
1008835,4,1038058,-512,-612,-10400,8700,0,0,0,0,0,0,0,0,0,72057679937273958
1008836,4,1046679,-54,-155,-10400,3700,0,0,0,0,0,0,0,0,0,72057735771848773
1008837,4,1032645,-134,-234,-10300,5900,0,0,0,0,0,0,0,0,0,72057684232241250
1008838,4,1038058,-967,-1064,-10400,9400,0,0,0,0,0,0,0,0,0,72057679937273957
1008839,4,1055500,-524,-618,-10600,8800,0,0,0,0,0,0,0,0,0,72057675642306687
1008842,4,1042066,-154,-254,-10400,6300,0,0,0,0,0,0,0,0,0,72057692822175837
1008843,4,1012654,-2144,-2256,-10100,9700,0,0,0,0,0,0,0,0,0,72057761541652531
1008844,4,1038058,-49,-149,-10400,3400,0,0,0,0,0,0,0,0,0,72057679937273960
1008845,4,1046679,-157,-258,-10400,6400,0,0,0,0,0,0,0,0,0,72057735771848772
1008847,4,1055500,-30,-130,-10600,2400,0,0,0,0,0,0,0,0,0,72057675642306689
1008848,4,1038058,-134,-233,-10400,5900,0,0,0,0,0,0,0,0,0,72057679937273959
1008851,4,-3400,1,1,-5000,5000,0,0,0,0,0,0,0,0,0,72057615512765176
1008852,4,12450,1,1,11200,13700,0,0,0,0,0,0,0,0,0,72057615512765177
1008853,4,-5900,1,1,-5000,5000,0,0,0,0,0,0,0,0,0,72057615512765178
1008854,4,13050,1,1,11700,14400,0,0,0,0,0,0,0,0,0,72057615512765179
1008855,4,450,94,1300,25,6300,0,0,0,0,0,0,0,0,0,1008855
1008856,4,23700,59,13,9800,28100,0,0,0,0,0,0,0,0,0,1008856
1008857,4,1007050,3,3,976800,1037200,0,0,0,0,0,0,0,0,0,1008857
1008858,4,1009050,3,3,978800,1039300,0,0,0,0,0,0,0,0,0,1008858
1008859,4,1008650,3,3,978400,1038900,0,0,0,0,0,0,0,0,0,1008859
1008860,4,1009398,3,3,979100,1039700,0,0,0,0,0,0,0,0,0,1008860
1008861,4,1005850,3,3,975600,1036000,0,0,0,0,0,0,0,0,0,1008861
1008862,4,1008200,3,3,978000,1038400,0,0,0,0,0,0,0,0,0,1008862
1008863,4,1009398,-2144,-2233,-10100,9600,0,0,0,0,0,0,0,0,0,72057774426554377
1008864,4,1009398,-261,-361,-10100,7300,0,0,0,0,0,0,0,0,0,72057774426554379
1008865,4,1009398,-531,-631,-10100,8500,0,0,0,0,0,0,0,0,0,72057774426554378
1008866,4,1009398,-1158,-842,-15100,8900,0,0,0,0,0,0,0,0,0,72057774426554382
1008872,4,1009398,-330,-428,-10100,7700,0,0,0,0,0,0,0,0,0,72057774426554381
1008873,4,1009398,-778,-874,-10100,8900,0,0,0,0,0,0,0,0,0,72057774426554380
1008874,4,1009398,-1088,-1182,-10100,9200,0,0,0,0,0,0,0,0,0,72057774426554374
1008875,4,1009398,-216,-316,-10100,6900,0,0,0,0,0,0,0,0,0,72057774426554376
1008876,4,1009398,-2425,-2525,-10100,9700,0,0,0,0,0,0,0,0,0,72057774426554373
1008877,4,1009398,-405,-505,-10100,8100,0,0,0,0,0,0,0,0,0,72057774426554375
1008878,4,-8900,1,1,-5000,5000,0,0,0,0,0,0,0,0,0,72057615512765180
1008879,4,13450,1,1,12100,14800,0,0,0,0,0,0,0,0,0,72057615512765181
1008880,4,300,92,2000,25,6300,0,0,0,0,0,0,0,0,0,1008880
1008881,4,26025,56,14,11400,30450,0,0,0,0,0,0,0,0,0,1008881
1008882,4,200,88,3050,25,6300,0,0,0,0,0,0,0,0,0,1008882
1008883,4,28400,55,15,12900,32850,0,0,0,0,0,0,0,0,0,1008883
1008884,4,1035400,3,3,1004300,1066400,0,0,0,0,0,0,0,0,0,1008884
1008885,4,1030300,3,3,999400,1061200,0,0,0,0,0,0,0,0,0,1008885
1008887,4,999825,3,3,969800,1029800,0,0,0,0,0,0,0,0,0,1008887
1008888,4,1008600,3,3,978300,1038800,0,0,0,0,0,0,0,0,0,1008888
1008889,4,1044350,3,3,1013000,1075700,0,0,0,0,0,0,0,0,0,1008889
1008890,4,1039775,3,3,1008600,1071000,0,0,0,0,0,0,0,0,0,1008890
1008892,4,1051775,3,3,1020200,1083300,0,0,0,0,0,0,0,0,0,1008892
1008893,4,1011650,3,3,981300,1042000,0,0,0,0,0,0,0,0,0,1008893
1008894,4,994750,3,3,964900,1024600,0,0,0,0,0,0,0,0,0,1008894
1008895,4,1000700,2100,2000,-10000,10500,0,0,0,0,0,0,0,0,0,72057765836619811
1008896,4,1038058,266,166,-10400,16600,0,0,0,0,0,0,0,0,0,72057679937273965
1008897,4,1038058,1487,1380,-10400,11100,0,0,0,0,0,0,0,0,0,72057679937273962
1008898,4,1009398,2625,2525,-10100,10500,0,0,0,0,0,0,0,0,0,72057774426554385
1008899,4,1009398,467,365,-10100,12800,0,0,0,0,0,0,0,0,0,72057774426554387
1008900,4,1055500,493,389,-10600,13200,0,0,0,0,0,0,0,0,0,72057675642306690
1008901,4,1009398,752,648,-10100,11600,0,0,0,0,0,0,0,0,0,72057774426554386
1008902,4,995755,1529,1414,-10000,10600,0,0,0,0,0,0,0,0,0,72057770131587107
1008903,4,1055500,714,613,-10600,12300,0,0,0,0,0,0,0,0,0,72057675642306691
1008904,4,1038058,381,281,-10400,14100,0,0,0,0,0,0,0,0,0,72057679937273964
1008905,4,1012654,379,281,-10100,13800,0,0,0,0,0,0,0,0,0,72057761541652539
1008906,4,1032645,-28,-129,-10300,2300,0,0,0,0,0,0,0,0,0,72057684232241251
1008907,4,1046679,1361,1270,-10400,11300,0,0,0,0,0,0,0,0,0,72057735771848776
1008908,4,1042066,-21,-121,-10400,1800,0,0,0,0,0,0,0,0,0,72057692822175840
1008909,4,1055500,-42300,-42100,-10600,10500,0,0,0,0,0,0,0,0,0,72057675642306692
1008910,4,1000700,401,300,-10000,13300,0,0,0,0,0,0,0,0,0,72057765836619815
1008911,4,1012654,559,459,-10100,12300,0,0,0,0,0,0,0,0,0,72057761541652538
1008912,4,1038058,703,601,-10400,12100,0,0,0,0,0,0,0,0,0,72057679937273961
1008913,4,1032645,200,100,-10300,20700,0,0,0,0,0,0,0,0,0,72057684232241253
1008914,4,1012654,1857,1761,-10100,10700,0,0,0,0,0,0,0,0,0,72057761541652535
1008915,4,1000700,594,493,-10000,12000,0,0,0,0,0,0,0,0,0,72057765836619814
1008916,4,1012654,8180,8060,-10100,10200,0,0,0,0,0,0,0,0,0,72057761541652536
1008917,4,1046679,268,168,-10400,16600,0,0,0,0,0,0,0,0,0,72057735771848778
1008918,4,1055500,266,166,-10600,17000,0,0,0,0,0,0,0,0,0,72057675642306694
1008919,4,1000700,13433,13367,-10000,10100,0,0,0,0,0,0,0,0,0,72057765836619812
1008920,4,1000700,2100,2000,-10000,10500,0,0,0,0,0,0,0,0,0,72057765836619813
1008921,4,1009398,2344,2233,-10100,10500,0,0,0,0,0,0,0,0,0,72057774426554383
1008922,4,1042066,-72,-173,-10400,4400,0,0,0,0,0,0,0,0,0,72057692822175841
1008923,4,995755,5100,5000,-10000,10200,0,0,0,0,0,0,0,0,0,72057770131587108
1008924,4,995755,467,366,-10000,12700,0,0,0,0,0,0,0,0,0,72057770131587111
1008925,4,1046679,399,300,-10400,13900,0,0,0,0,0,0,0,0,0,72057735771848777
1008926,4,1055500,424,321,-10600,13800,0,0,0,0,0,0,0,0,0,72057675642306693
1008927,4,995755,688,582,-10000,11600,0,0,0,0,0,0,0,0,0,72057770131587110
1008928,4,995755,2205,2089,-10000,10400,0,0,0,0,0,0,0,0,0,72057770131587109
1008929,4,1032645,-16,-116,-10300,1400,0,0,0,0,0,0,0,0,0,72057684232241252
1008930,4,1032645,178,78,-10300,23600,0,0,0,0,0,0,0,0,0,72057684232241254
1008931,4,1046679,817,721,-10400,11900,0,0,0,0,0,0,0,0,0,72057735771848774
1008932,4,1038058,1195,1089,-10400,11300,0,0,0,0,0,0,0,0,0,72057679937273963
1008933,4,1046679,1909,1813,-10400,11000,0,0,0,0,0,0,0,0,0,72057735771848775
1008934,4,1042066,202,103,-10400,20600,0,0,0,0,0,0,0,0,0,72057692822175839
1008935,4,1042066,194,94,-10400,21400,0,0,0,0,0,0,0,0,0,72057692822175838
1008936,4,1012654,1857,1761,-10100,10700,0,0,0,0,0,0,0,0,0,72057761541652537
1008937,4,1009398,20300,20100,-10100,10100,0,0,0,0,0,0,0,0,0,72057774426554384